15
1.0 0.0 0.0 0.0 0.0 0.0 -5.551115123125783e-17 1.1102230246251565e-16 -1.1102230246251565e-16 0.0 0.0 0.0 0.0 0.0 0.0
0.0 1.0 0.0 0.0 0.0 0.0 0.0 0.0 0.0 0.0 -1.1102230246251565e-16 0.0 0.0 0.0 0.0
0.0 0.0 1.0 0.0 1.1102230246251565e-16 0.0 0.0 0.0 0.0 0.0 -5.551115123125783e-17 0.0 0.0 0.0 0.0
0.0 0.0 0.0 1.0 0.0 0.0 0.0 0.0 0.0 0.0 0.0 0.0 0.0 0.0 0.0
-1.1102230246251565e-16 2.220446049250313e-16 0.0 0.0 1.0 0.0 0.0 0.0 0.0 0.0 0.0 0.0 0.0 1.1102230246251565e-16 0.0
0.0 0.0 0.0 0.0 0.0 1.0 0.0 0.0 0.0 0.0 0.0 0.0 0.0 0.0 0.0
0.0 1.1102230246251565e-16 0.0 0.0 0.0 0.0 1.0 -1.1102230246251565e-16 0.0 0.0 0.0 0.0 0.0 0.0 0.0
0.0 0.0 1.1102230246251565e-16 0.0 0.0 0.0 0.0 1.0 0.0 0.0 0.0 0.0 0.0 0.0 0.0
0.0 0.0 0.0 0.0 0.0 0.0 0.0 0.0 1.0 0.0 0.0 0.0 0.0 0.0 -8.881784197001252e-16
0.0 0.0 0.0 0.0 0.0 0.0 2.220446049250313e-16 0.0 0.0 1.0 0.0 0.0 0.0 0.0 0.0
0.0 0.0 0.0 0.0 5.551115123125783e-17 0.0 0.0 0.0 0.0 0.0 1.0 0.0 0.0 0.0 0.0
0.0 -1.1102230246251565e-16 -1.1102230246251565e-16 0.0 -2.220446049250313e-16 0.0 0.0 0.0 0.0 0.0 0.0 1.0 0.0 -2.220446049250313e-16 0.0
0.0 0.0 0.0 0.0 0.0 0.0 -2.7755575615628914e-17 0.0 0.0 0.0 0.0 0.0 1.0 0.0 0.0
0.0 0.0 0.0 0.0 0.0 0.0 0.0 0.0 0.0 2.220446049250313e-16 0.0 0.0 0.0 1.0 0.0
0.0 0.0 2.220446049250313e-16 0.0 0.0 0.0 0.0 0.0 0.0 0.0 0.0 1.1102230246251565e-16 0.0 0.0 1.0
-0.5535598625142967 -0.0506765111407029 -0.3473165237239961 -1.6542570703056703 1.2551143962442701 -0.38145155231443695 -0.9539278207715075 -0.34770376335613584 -0.1487458824294893 0.6463610027084788 1.1471447557030474 -0.06697242621465085 0.6037270621243761 0.8729251917018003 0.6301394487164572